119287
154560
574214
844675
846768
1003299
1033338
1518873
2197156
2637686
2648158
3061048
3206931
3958832
4107258
4107480
4109367
4109593
4111048
4111261
4122266
4243415
4382900
4389012
5149079
5538293
6010704
6420707
6543223
7124441
7635445
8207957
8406831
9266718
9504777
9600971
10540073
10663294
12278638
12391829
12472445
13306813
14391531
14493563
14740998
15053265
15180625
15180670
15735258
16227395
17364456
17706009
18044795
18687618
18899082
19883440
20563541
22153180
22400585
22568360
22765360
23172641
23248150
23248253
23656767
23718865
23726733
24490572
24567739
25031364
25031530
26266212
26570409
26783758
27216580
28345621
28512877
28744386
28934072
30002064
30109842
30411804
30538242
30853789
31949271
32703728
33637652
34238532
34958527
36483827
36647496
36940473
36970434
37081636
38002610
38283791
38283799
38283809
38283812
38283822
38283829
40901993
42925202
42925210
42925401
43173441
43363988
43512161
43713042
44697053
45009771
45350264
46490911
46531325
47053090
47587478
48193798
48907434
48996476
48996477
48996478
48996480
48996483
48996486
48996499
48996506
48996507
48996518
48996519
48996520
48996531
48996532
48996534
48996560
48996563
48996566
49215417
49215546
49243405
49261182
49263032
50513331
50587165
51404684
51661684
52194015
53863180
55096270
55185328
55468761
57222654
59641488
59644267
59644325
60632283
60895963
63364701
64241809
64267711
65296573
65428719
67138089
67481466
68909735
70295985
71354184
71539356
74237010
75416380
75656566
80076390
80076552
80076758
80076853
80076954
80077123
83238606
2319
68678
83203
83204
155770
627262
717316
842605
868854
1014414
1743216
1781801
2293640
3756975
4057939
5089364
5418805
5817627
6224875
6225078
6570662
6927954
8939867
9451007
9628701
9628742
9628977
9629044
10420954
12698372
11696952
12698376
12849240
12892177
14416308
16910680
16910968
16911113
19783072
20115361
20934624
21771572
22153182
22839718
22839720
22839723
23976281
24139159
24186397
24186428
24186464
25900193
25975688
26226890
26780590
26780592
26780594
26780597
26780598
26780600
26780602
26780605
26780607
26780609
26780611
26780614
26780618
26780619
26780622
26780623
26780628
26780630
26780633
26780637
26780858
26981015
28047876
28913419
29203349
30304538
30400204
32261161
32803517
32990802
33035920
34383720
35186401
35758087
35896898
36669514
36842070
36842201
37533634
37872462
40861481
42607024
43208488
43208535
43268526
45012210
46207248
46846683
47247004
