122065
139471
164211
260018
286349
311573
311591
354192
406643
430398
535240
535254
536110
549513
553797
595716
765589
878548
953305
953331
1063263
1225887
1411527
1521354
1581053
1939081
1954610
2083607
2085003
2173003
2173768
2222564
2288057
2295422
2348688
2352518
2359415
2371348
2399379
2482756
2491155
2497892
2534262
2590519
2711184
2861894
2929950
2976184
2979495
3027026
3036970
3163180
3227551
3402214
3436569
3505032
3511732
3567249
3617742
3635183
3646906
3654347
3654354
3797373
3862586
3889714
4136180
4168899
4181606
4349438
4523675
4540579
4589342
4651824
4698599
4700811
4829658
4956055
4987473
5097620
5120069
5120990
5167374
5196859
5328876
5636975
5735804
5770690
5902727
5929678
