319995
413263
512985
595563
823320
846772
1148005
1310614
1422636
1599236
1722776
1750543
2055369
2071798
2264839
2385432
2841059
2880435
2923254
3116853
3354105
3424411
3590838
3671284
3809410
3955679
3988471
4608195
4972463
4982675
5010050
5192270
5247678
5269697
5293582
5298551
5305678
5381171
5663834
5730288
5792486
5918355
6047391
6094092
6094163
6161472
6317549
6317647
6323176
6360374
6481793
6494164
6521771
6548606
6749052
6752573
6772140
6811445
6901294
6965521
6993225
7007463
7173637
7293058
7293185
7638097
7751923
7885309
7923310
7956944
8029227
8050161
8130040
8169730
8266341
8607710
8672021
8703722
8814294
8845762
